1 0.000001
2 0.000000
3 0.000000
4 0.000000
5 0.000000
6 0.000001
7 0.000000
8 0.000000
9 0.000001
10 0.000001
11 0.000002
12 0.000002
13 0.000003
14 0.000005
15 0.000007
16 0.000012
17 0.000017
18 0.000028
19 0.000045
20 0.000074
21 0.000119
22 0.000194
23 0.000313
24 0.000505
25 0.000784
26 0.001181
27 0.001932
28 0.002882
29 0.004333
30 0.006931
31 0.011164
32 0.018631
33 0.028733
34 0.047721
35 0.075435
36 0.126158
37 0.198184
38 0.318890
39 0.523209
40 0.843711
41 1.382029
42 2.219979
43 3.564997
44 5.764703
45 9.339921